45 17 7 4 3 2 1 6 5 4 3 2 1 11 5 4 3 2 1 10 9 8 7 6 5 4 3 2 1 32 12 11 10 9 8 7 6 5 4 3 2 1 22 9 8 7 6 5 4 3 2 1 21 20 19 18 17 16 15 14 13 12 11 10 9 8 7 6 5 4 3 2 1
45 17 6 4 3 2 1 5 4 3 2 1 11 5 4 3 2 1 10 9 8 7 6 5 4 3 2 1 32 12 11 10 9 8 7 6 5 4 3 2 1 22 9 8 7 6 5 4 3 2 1 21 20 19 18 17 16 15 14 13 12 11 10 9 8 7 6 5 4 3 2 1
40 12 6 4 3 2 1 5 4 3 2 1 11 10 9 8 7 6 5 4 3 2 1 29 10 9 8 7 6 5 4 3 2 1 20 8 7 6 5 4 3 2 1 19 18 17 16 15 14 13 12 11 10 9 8 7 6 5 4 3 2 1
26 10 5 3 2 1 4 3 2 1 9 8 7 6 5 4 3 2 1 17 8 7 6 5 4 3 2 1 16 15 14 13 12 11 10 9 8 7 6 5 4 3 2 1
22 8 6 5 4 3 2 1 7 6 5 4 3 2 1 14 7 6 5 4 3 2 1 13 12 11 10 9 8 7 6 5 4 3 2 1
19 8 5 4 3 2 1 7 6 5 4 3 2 1 12 6 5 4 3 2 1 11 10 9 8 7 6 5 4 3 2 1
18 7 5 4 3 2 1 6 5 4 3 2 1 12 5 4 3 2 1 11 10 9 8 7 6 5 4 3 2 1
16 6 4 3 2 1 5 4 3 2 1 11 4 3 2 1 10 9 8 7 6 5 4 3 2 1
12 7 4 3 2 1 6 5 4 3 2 1 11 10 9 8 7 6 5 4 3 2 1
11 6 4 3 2 1 5 4 3 2 1 10 9 8 7 6 5 4 3 2 1
11 5 4 3 2 1 4 3 2 1 10 9 8 7 6 5 4 3 2 1
