43 17 7 4 2 1 3 2 1 6 5 4 3 2 1 11 5 4 3 2 1 10 9 8 7 6 5 4 3 2 1 31 11 10 9 8 7 6 5 4 3 2 1 21 9 8 7 6 5 4 3 2 1 20 19 18 17 16 15 14 13 12 11 10 9 8 7 6 5 4 3 2 1
42 17 7 4 2 1 3 2 1 6 5 4 3 2 1 11 5 4 3 2 1 10 9 8 7 6 5 4 3 2 1 30 11 10 9 8 7 6 5 4 3 2 1 21 8 7 6 5 4 3 2 1 20 19 18 17 16 15 14 13 12 11 10 9 8 7 6 5 4 3 2 1
38 15 6 4 3 2 1 5 4 3 2 1 10 4 3 2 1 9 8 7 6 5 4 3 2 1 27 10 9 8 7 6 5 4 3 2 1 19 7 6 5 4 3 2 1 18 17 16 15 14 13 12 11 10 9 8 7 6 5 4 3 2 1
33 10 6 4 3 2 1 5 4 3 2 1 9 8 7 6 5 4 3 2 1 23 9 8 7 6 5 4 3 2 1 16 6 5 4 3 2 1 15 14 13 12 11 10 9 8 7 6 5 4 3 2 1
25 10 6 4 3 2 1 5 4 3 2 1 9 8 7 6 5 4 3 2 1 16 8 7 6 5 4 3 2 1 15 14 13 12 11 10 9 8 7 6 5 4 3 2 1
25 9 5 4 3 2 1 4 3 2 1 8 7 6 5 4 3 2 1 16 8 7 6 5 4 3 2 1 15 14 13 12 11 10 9 8 7 6 5 4 3 2 1
22 8 5 3 2 1 4 3 2 1 7 6 5 4 3 2 1 14 7 6 5 4 3 2 1 13 12 11 10 9 8 7 6 5 4 3 2 1
19 8 4 3 2 1 3 2 1 7 6 5 4 3 2 1 12 6 5 4 3 2 1 11 10 9 8 7 6 5 4 3 2 1
18 7 4 2 1 3 2 1 6 5 4 3 2 1 11 6 5 4 3 2 1 10 9 8 7 6 5 4 3 2 1
17 7 5 4 3 2 1 6 5 4 3 2 1 11 5 4 3 2 1 10 9 8 7 6 5 4 3 2 1
17 6 5 4 3 2 1 5 4 3 2 1 11 5 4 3 2 1 10 9 8 7 6 5 4 3 2 1
16 6 5 4 3 2 1 5 4 3 2 1 10 5 4 3 2 1 9 8 7 6 5 4 3 2 1
16 6 4 3 2 1 5 4 3 2 1 10 5 4 3 2 1 9 8 7 6 5 4 3 2 1
11 7 5 4 3 2 1 6 5 4 3 2 1 10 9 8 7 6 5 4 3 2 1
11 6 4 3 2 1 5 4 3 2 1 10 9 8 7 6 5 4 3 2 1
10 6 4 3 2 1 5 4 3 2 1 9 8 7 6 5 4 3 2 1
9 6 4 3 2 1 5 4 3 2 1 8 7 6 5 4 3 2 1
