46 16 6 3 2 1 2 1 4 1 3 2 1 11 4 3 2 1 8 2 1 6 1 5 4 3 2 1 34 9 2 1 7 1 6 5 4 3 2 1 27 6 5 4 3 2 1 21 5 4 3 2 1 16 4 3 2 1 12 3 2 1 10 1 9 8 7 6 5 4 3 2 1
46 16 6 3 1 2 1 4 1 3 2 1 11 4 3 2 1 8 2 1 6 1 5 4 3 2 1 35 8 2 1 6 1 5 4 3 2 1 28 6 5 4 3 2 1 22 5 4 3 2 1 17 4 3 2 1 13 3 2 1 10 2 1 9 8 7 6 5 4 3 2 1
39 14 6 3 1 2 1 4 1 3 2 1 10 3 2 1 7 2 1 5 1 4 3 2 1 30 7 1 6 5 4 3 2 1 23 6 5 4 3 2 1 18 4 3 2 1 14 3 2 1 11 2 1 9 1 8 7 6 5 4 3 2 1
34 12 5 2 1 1 3 1 2 1 8 3 2 1 6 1 5 4 3 2 1 26 6 1 5 4 3 2 1 20 5 4 3 2 1 15 4 3 2 1 12 2 1 9 2 1 8 7 6 5 4 3 2 1
27 10 5 2 1 1 3 1 2 1 7 2 1 5 1 4 3 2 1 20 5 1 4 3 2 1 15 4 3 2 1 11 3 2 1 8 2 1 7 6 5 4 3 2 1
26 9 4 2 1 1 3 2 1 6 2 1 4 1 3 2 1 19 5 1 4 3 2 1 14 4 3 2 1 10 3 2 1 8 1 7 6 5 4 3 2 1
22 9 4 2 1 1 3 2 1 6 2 1 4 1 3 2 1 16 5 4 3 2 1 12 3 2 1 9 2 1 7 1 6 5 4 3 2 1
21 9 3 2 1 2 1 6 2 1 4 1 3 2 1 15 5 4 3 2 1 11 3 2 1 8 2 1 6 1 5 4 3 2 1
19 9 3 2 1 2 1 6 2 1 4 1 3 2 1 14 4 3 2 1 10 3 2 1 7 2 1 6 5 4 3 2 1
18 8 3 2 1 2 1 5 2 1 4 3 2 1 13 4 3 2 1 9 3 2 1 7 1 6 5 4 3 2 1
17 7 3 2 1 2 1 4 2 1 3 2 1 12 4 3 2 1 8 3 2 1 6 1 5 4 3 2 1
17 6 3 2 1 2 1 4 1 3 2 1 12 4 3 2 1 8 3 2 1 6 1 5 4 3 2 1
16 6 3 2 1 2 1 4 1 3 2 1 11 4 3 2 1 8 2 1 6 1 5 4 3 2 1
16 6 3 1 2 1 4 1 3 2 1 11 4 3 2 1 8 2 1 6 1 5 4 3 2 1
13 6 3 1 2 1 4 1 3 2 1 9 3 2 1 6 2 1 5 4 3 2 1
13 5 3 1 2 1 3 1 2 1 9 3 2 1 6 2 1 5 4 3 2 1
12 5 2 1 1 3 1 2 1 8 3 2 1 6 1 5 4 3 2 1
11 5 2 1 1 3 1 2 1 7 3 2 1 5 1 4 3 2 1
10 5 2 1 1 3 1 2 1 7 2 1 5 1 4 3 2 1
