43 16 7 4 3 2 1 3 2 1 6 5 4 3 2 1 10 5 4 3 2 1 9 8 7 6 5 4 3 2 1 31 11 10 9 8 7 6 5 4 3 2 1 22 8 7 6 5 4 3 2 1 21 20 19 18 17 16 15 14 13 12 11 10 9 8 7 6 5 4 3 2 1
42 16 7 4 3 2 1 3 2 1 6 5 4 3 2 1 10 5 4 3 2 1 9 8 7 6 5 4 3 2 1 31 10 9 8 7 6 5 4 3 2 1 22 8 7 6 5 4 3 2 1 21 20 19 18 17 16 15 14 13 12 11 10 9 8 7 6 5 4 3 2 1
38 11 7 4 2 1 3 2 1 6 5 4 3 2 1 10 9 8 7 6 5 4 3 2 1 28 9 8 7 6 5 4 3 2 1 20 7 6 5 4 3 2 1 19 18 17 16 15 14 13 12 11 10 9 8 7 6 5 4 3 2 1
25 9 6 4 3 2 1 5 4 3 2 1 8 7 6 5 4 3 2 1 17 7 6 5 4 3 2 1 16 15 14 13 12 11 10 9 8 7 6 5 4 3 2 1
21 8 4 3 2 1 3 2 1 7 6 5 4 3 2 1 14 6 5 4 3 2 1 13 12 11 10 9 8 7 6 5 4 3 2 1
18 7 4 3 2 1 3 2 1 6 5 4 3 2 1 11 6 5 4 3 2 1 10 9 8 7 6 5 4 3 2 1
16 7 4 3 2 1 3 2 1 6 5 4 3 2 1 10 5 4 3 2 1 9 8 7 6 5 4 3 2 1
14 6 4 2 1 3 2 1 5 4 3 2 1 9 4 3 2 1 8 7 6 5 4 3 2 1
11 6 4 2 1 3 2 1 5 4 3 2 1 10 9 8 7 6 5 4 3 2 1
10 6 3 2 1 2 1 5 4 3 2 1 9 8 7 6 5 4 3 2 1
10 5 3 2 1 2 1 4 3 2 1 9 8 7 6 5 4 3 2 1
