0 0
1 1
1 1
1 2
1 3
2 2
2 2
2 2
2 3
2 3
3 3
3 3
3 3
3 3
3 4
3 4
3 5
4 4
4 4
4 4
4 4
4 5
4 5
4 6
4 6
4 6
4 6
4 6
5 5
5 6
5 6
5 6
5 6
6 6
6 6
6 6
6 6
6 6
6 7
6 7
6 7
6 7
6 8
7 7
7 7
7 7
6 9
7 8
7 8
7 8
7 8
6 10
6 10
8 8
8 8
8 8
8 8
8 8
7 10
7 10
8 9
8 9
8 9
8 9
8 9
8 10
8 10
8 10
8 10
8 11
8 11
9 10
9 10
9 10
9 10
8 12
8 12
10 10
10 10
10 10
10 10
10 10
9 12
9 12
10 11
10 11
8 14
8 14
8 14
8 14
9 13
10 12
10 12
10 12
10 12
9 14
10 13
10 13
11 12
11 12
11 12
10 14
10 14
10 14
12 12
12 12
12 12
12 12
12 12
12 12
12 12
11 14
11 14
12 13
12 13
12 13
12 13
12 13
12 13
12 13
12 14
12 14
12 14
12 14
12 14
12 14
12 14
12 15
13 14
15 16
