0 0
1 1
1 1
1 2
1 3
2 2
2 2
2 2
2 3
2 3
3 3
3 3
3 3
3 3
3 4
3 4
3 5
4 4
4 4
4 4
4 4
4 5
4 5
4 6
4 6
4 6
4 6
4 6
4 7
5 6
5 6
5 6
5 6
6 6
6 6
5 8
5 8
6 7
6 7
6 7
6 7
6 8
6 8
6 8
7 7
6 9
7 8
7 8
7 8
7 8
6 10
6 10
8 8
8 8
8 8
8 8
8 8
8 8
7 10
8 9
8 9
8 9
8 9
8 9
8 10
8 10
8 10
8 10
8 11
8 11
8 11
8 11
8 11
8 11
8 12
9 11
9 11
9 11
8 13
8 13
8 13
9 12
9 12
10 11
10 11
8 14
8 14
8 14
8 14
9 13
10 12
11 11
11 11
11 11
9 14
10 13
10 13
10 13
8 17
8 17
10 14
10 14
10 14
12 12
12 12
12 12
12 12
12 12
12 12
12 12
11 14
11 14
12 13
12 13
12 13
12 13
12 13
12 13
11 15
12 14
12 14
12 14
12 14
12 14
12 14
12 14
12 15
13 14
13 14
13 14
13 14
13 14
13 14
12 16
12 16
14 14
14 14
14 14
14 14
12 17
12 17
12 17
12 17
13 16
14 15
14 15
14 15
14 15
12 18
12 18
12 18
13 17
15 15
15 15
12 19
12 19
13 18
13 18
13 18
14 17
15 16
15 16
15 16
15 16
13 19
13 19
14 18
14 18
14 18
15 17
16 16
16 16
16 16
16 16
16 16
16 16
16 16
14 19
15 18
16 17
16 17
16 17
16 17
16 17
16 17
16 17
16 17
15 19
16 18
16 18
16 18
16 18
16 18
16 18
15 20
15 20
16 19
16 19
16 19
16 19
16 19
16 19
16 19
16 19
16 19
16 20
16 20
