0 0
1 1
1 1
1 2
1 3
2 2
2 2
2 2
2 3
2 3
3 3
3 3
3 3
3 3
3 4
3 4
3 5
4 4
4 4
4 4
4 4
4 5
4 5
4 6
4 6
4 6
4 6
4 6
5 5
5 6
5 6
5 6
5 6
6 6
6 6
6 6
6 6
6 6
6 7
6 7
6 7
6 7
6 8
7 7
7 7
7 7
6 9
7 8
7 8
7 8
7 8
6 10
6 10
8 8
8 8
8 8
8 8
8 8
7 10
7 10
8 9
8 9
8 9
8 9
8 9
8 10
8 10
8 10
8 10
8 11
8 11
9 10
9 10
9 10
9 10
8 12
8 12
10 10
10 10
10 10
10 10
10 10
9 12
9 12
10 11
10 11
8 14
8 14
8 14
8 14
9 13
10 12
10 12
10 12
10 12
9 14
10 13
10 13
11 12
11 12
11 12
10 14
10 14
10 14
12 12
12 12
12 12
12 12
12 12
12 12
12 12
11 14
12 13
12 13
12 13
12 13
12 13
12 13
12 14
12 14
12 14
12 14
12 14
12 14
12 14
12 15
13 14
13 14
13 14
13 14
13 14
13 14
12 16
12 16
14 14
14 14
14 14
14 14
14 14
14 14
14 14
14 14
14 14
14 15
14 15
14 15
14 15
12 18
12 18
12 18
12 18
15 15
15 15
15 15
15 15
13 18
13 18
13 18
14 17
15 16
15 16
15 16
15 16
13 19
13 19
14 18
14 18
14 18
14 18
16 16
16 16
16 16
16 16
16 16
16 16
16 16
14 19
15 18
16 17
16 17
16 17
16 17
16 17
16 17
14 20
14 20
15 19
16 18
16 18
16 18
16 18
16 18
16 18
15 20
15 20
16 19
16 19
16 19
16 19
16 19
16 19
16 19
16 19
16 19
16 20
16 20
16 20
16 20
16 20
16 20
16 20
15 22
15 22
17 20
17 20
17 20
17 20
17 20
16 22
16 22
16 22
16 22
16 22
16 22
18 20
18 20
18 20
18 20
18 20
16 23
16 23
16 23
16 23
17 22
17 22
19 20
19 20
16 24
16 24
16 24
16 24
16 24
16 24
16 24
16 24
18 22
18 22
20 20
20 20
20 20
20 20
20 20
20 20
17 24
18 23
18 23
16 26
16 26
16 26
16 26
16 26
16 26
16 26
16 26
18 24
18 24
18 24
19 23
19 23
20 22
20 22
20 22
20 22
16 28
16 28
16 28
19 24
20 23
21 22
21 22
21 22
18 26
18 26
18 26
18 26
18 26
17 28
17 28
20 24
20 24
22 22
22 22
22 22
19 26
19 26
19 26
19 26
19 26
19 26
19 26
21 24
22 23
22 23
22 23
22 23
22 23
