42 16 7 4 4 3 2 1 3 2 1 6 5 4 3 2 1 10 5 4 3 2 1 9 8 7 6 5 4 3 2 1 30 11 10 9 8 7 6 5 4 3 2 1 21 8 7 6 5 4 3 2 1 20 19 18 17 16 15 14 13 12 11 10 9 8 7 6 5 4 3 2 1
42 16 6 4 4 3 2 1 3 2 1 5 4 3 2 1 10 5 4 3 2 1 9 8 7 6 5 4 3 2 1 30 11 10 9 8 7 6 5 4 3 2 1 21 8 7 6 5 4 3 2 1 20 19 18 17 16 15 14 13 12 11 10 9 8 7 6 5 4 3 2 1
36 14 6 4 3 2 1 3 2 1 5 4 3 2 1 9 4 3 2 1 8 7 6 5 4 3 2 1 26 9 8 7 6 5 4 3 2 1 18 7 6 5 4 3 2 1 17 16 15 14 13 12 11 10 9 8 7 6 5 4 3 2 1
30 10 6 4 3 2 1 3 2 1 5 4 3 2 1 9 8 7 6 5 4 3 2 1 21 8 7 6 5 4 3 2 1 15 5 4 3 2 1 14 13 12 11 10 9 8 7 6 5 4 3 2 1
23 9 6 4 3 2 1 3 2 1 5 4 3 2 1 8 7 6 5 4 3 2 1 15 7 6 5 4 3 2 1 14 13 12 11 10 9 8 7 6 5 4 3 2 1
22 9 6 3 3 2 1 2 1 5 4 3 2 1 8 7 6 5 4 3 2 1 14 7 6 5 4 3 2 1 13 12 11 10 9 8 7 6 5 4 3 2 1
20 8 5 3 2 1 2 1 4 3 2 1 7 6 5 4 3 2 1 12 7 6 5 4 3 2 1 11 10 9 8 7 6 5 4 3 2 1
18 7 4 3 2 1 2 1 3 2 1 6 5 4 3 2 1 11 6 5 4 3 2 1 10 9 8 7 6 5 4 3 2 1
16 7 4 4 3 2 1 3 2 1 6 5 4 3 2 1 10 5 4 3 2 1 9 8 7 6 5 4 3 2 1
15 6 4 4 3 2 1 3 2 1 5 4 3 2 1 9 5 4 3 2 1 8 7 6 5 4 3 2 1
15 6 4 3 2 1 3 2 1 5 4 3 2 1 9 5 4 3 2 1 8 7 6 5 4 3 2 1
14 6 4 3 2 1 3 2 1 5 4 3 2 1 9 4 3 2 1 8 7 6 5 4 3 2 1
13 6 4 3 2 1 3 2 1 5 4 3 2 1 8 4 3 2 1 7 6 5 4 3 2 1
10 6 4 3 2 1 3 2 1 5 4 3 2 1 9 8 7 6 5 4 3 2 1
9 6 3 3 2 1 2 1 5 4 3 2 1 8 7 6 5 4 3 2 1
9 5 3 3 2 1 2 1 4 3 2 1 8 7 6 5 4 3 2 1
8 5 3 3 2 1 2 1 4 3 2 1 7 6 5 4 3 2 1
